1 0.218078 0.311787 0.009515 0.014555
1 0.245195 0.011273 0.008563 0.016838
1 0.040057 0.005280 0.006660 0.010559
1 0.455376 0.493293 0.007612 0.014555
1 0.769077 0.372574 0.008563 0.016838
1 0.865461 0.112300 0.008373 0.017409
1 0.942816 0.073345 0.008183 0.015982
1 0.701808 0.215325 0.006470 0.009418
1 0.684110 0.203339 0.008754 0.016267
1 0.069553 0.355023 0.009324 0.014840
0 0.245956 0.007277 0.010466 0.011701
0 0.044719 0.002426 0.004186 0.004852
0 0.683254 0.202911 0.007422 0.017694
0 0.865366 0.110588 0.008563 0.015126
0 0.941484 0.070776 0.009324 0.011416
