1 0.855387 0.272625 0.071509 0.136750
1 0.689846 0.270250 0.065878 0.105500
1 0.648836 0.231375 0.051802 0.090750
1 0.560342 0.270125 0.021584 0.071250
1 0.543825 0.277875 0.039977 0.061750
1 0.507226 0.266875 0.040353 0.072750
1 0.416667 0.256500 0.057057 0.084500
1 0.367774 0.585500 0.082395 0.131500
1 0.380631 0.471875 0.048048 0.084250
1 0.382038 0.276750 0.034347 0.071500
2 0.873311 0.466125 0.113363 0.274750
2 0.679899 0.449750 0.084647 0.242000
2 0.614771 0.413625 0.095908 0.205750
2 0.365240 0.788750 0.158784 0.194500
2 0.402027 0.515125 0.049550 0.080250
2 0.386543 0.652125 0.076014 0.107250
0 0.369745 0.573000 0.078829 0.098500
0 0.380443 0.457375 0.042793 0.057750
0 0.506663 0.250000 0.038101 0.039500
0 0.416385 0.248875 0.060248 0.067250
0 0.379505 0.259125 0.029655 0.035750
0 0.544764 0.273375 0.036224 0.049750
0 0.561468 0.253375 0.021584 0.030250
0 0.602759 0.248875 0.065503 0.071250
0 0.644801 0.211250 0.059872 0.034500
0 0.688532 0.249250 0.067380 0.085000
0 0.854261 0.260625 0.067755 0.107750
