1 0.046833 0.449250 0.041333 0.073500
1 0.239333 0.434875 0.046333 0.090750
1 0.150333 0.428500 0.044333 0.096000
1 0.222750 0.409375 0.040833 0.084750
1 0.126250 0.444000 0.024500 0.076000
1 0.069833 0.420375 0.041333 0.068250
1 0.288833 0.408875 0.038000 0.110750
1 0.326667 0.416750 0.060667 0.131000
1 0.391750 0.401625 0.076833 0.156750
1 0.454750 0.409875 0.047833 0.091250
1 0.515917 0.407375 0.072167 0.215250
1 0.585750 0.372625 0.133500 0.227250
1 0.719833 0.405250 0.074667 0.211500
1 0.748167 0.428875 0.065000 0.227750
1 0.836833 0.385750 0.175667 0.257500
1 0.971167 0.368750 0.057666 0.270500
