1 0.886750 0.222125 0.226500 0.443750
1 0.733333 0.448625 0.010333 0.025250
1 0.695750 0.462375 0.011833 0.018250
1 0.655250 0.457625 0.012833 0.024750
1 0.073917 0.418125 0.010167 0.018250
1 0.101083 0.408250 0.008833 0.012000
1 0.122833 0.388000 0.007667 0.019500
1 0.194000 0.381375 0.012667 0.028750
1 0.104167 0.587750 0.008667 0.017500
1 0.130750 0.569875 0.006500 0.017750
1 0.154833 0.558875 0.008333 0.015750
1 0.224083 0.510875 0.009167 0.019250
1 0.245667 0.495500 0.010667 0.024500
1 0.223917 0.355125 0.013500 0.028250
1 0.840167 0.489875 0.020667 0.046250
1 0.894250 0.475750 0.020500 0.039000
