0 0.799202 0.495750 0.016622 0.017500
0 0.658910 0.573750 0.015293 0.019500
0 0.362035 0.617500 0.016622 0.022000
0 0.239029 0.650500 0.017287 0.020000
0 0.185672 0.638000 0.016290 0.019000
0 0.167719 0.628250 0.012301 0.014500
0 0.257314 0.546500 0.011303 0.020000
0 0.323637 0.247250 0.011636 0.013500
2 0.365193 0.655750 0.025598 0.056500
2 0.240691 0.698750 0.027261 0.062500
2 0.151097 0.658000 0.031582 0.059000
2 0.549036 0.418250 0.021609 0.046500
2 0.833610 0.646250 0.027593 0.022500
2 0.488863 0.756500 0.027593 0.035000
