1 0.894847 0.263170 0.151498 0.294196
1 0.774993 0.324107 0.079810 0.162500
1 0.662419 0.362723 0.069728 0.128125
1 0.512882 0.372991 0.049566 0.098661
1 0.397928 0.311384 0.055447 0.105804
1 0.257491 0.255134 0.084850 0.154911
1 0.193363 0.170313 0.035564 0.075446
1 0.146178 0.265402 0.054887 0.086161
1 0.069868 0.304464 0.139736 0.202679
1 0.657379 0.247991 0.012602 0.025446
1 0.637356 0.240179 0.012882 0.025000
0 0.657239 0.243750 0.010641 0.015179
0 0.637637 0.236607 0.009521 0.013393
0 0.660879 0.328795 0.064408 0.065625
2 0.921451 0.559821 0.157099 0.271429
2 0.780594 0.449777 0.085970 0.112054
2 0.661159 0.428125 0.078409 0.056250
2 0.385186 0.400223 0.070849 0.116518
2 0.255111 0.399554 0.114814 0.166071
2 0.078269 0.435045 0.156539 0.132589
2 0.661579 0.277455 0.022683 0.035268
2 0.636796 0.272321 0.018482 0.036607
