1 0.734892 0.937210 0.025086 0.022375
1 0.695838 0.907680 0.025656 0.020964
1 0.676881 0.889438 0.020810 0.019149
1 0.626140 0.807095 0.015108 0.014110
1 0.703392 0.800947 0.017389 0.014715
1 0.732611 0.795707 0.016534 0.013505
1 0.766106 0.824632 0.013968 0.014513
1 0.777794 0.787845 0.015108 0.016327
1 0.862315 0.819996 0.014253 0.011691
1 0.968501 0.773433 0.014538 0.012901
1 0.929732 0.747228 0.011117 0.011691
1 0.032782 0.804878 0.016534 0.014916
1 0.011545 0.716791 0.012828 0.012901
1 0.056300 0.546362 0.011117 0.008668
1 0.159920 0.547873 0.011973 0.009675
1 0.222064 0.548478 0.009122 0.007257
1 0.237030 0.543136 0.009977 0.008264
1 0.317417 0.585668 0.013398 0.010683
1 0.132127 0.741584 0.013398 0.011288
