1 0.417101 0.532682 0.032465 0.061719
1 0.373698 0.544922 0.018576 0.027865
1 0.303993 0.562891 0.019792 0.034115
1 0.535590 0.556901 0.009375 0.016927
1 0.539497 0.550521 0.006076 0.013542
1 0.505729 0.536328 0.004861 0.010156
1 0.508507 0.541406 0.006250 0.010938
1 0.511458 0.551693 0.009028 0.018490
1 0.522309 0.519661 0.004340 0.008594
1 0.507465 0.513542 0.004514 0.006771
1 0.493924 0.517057 0.004514 0.008594
1 0.497135 0.510547 0.003993 0.007552
1 0.485243 0.542839 0.006597 0.012760
1 0.473524 0.537891 0.007465 0.012760
1 0.465451 0.540755 0.006597 0.012240
1 0.448785 0.533594 0.006250 0.012500
1 0.440451 0.540234 0.007639 0.015365
1 0.593056 0.593359 0.007639 0.015365
1 0.588455 0.547266 0.005382 0.005990
1 0.590278 0.539974 0.005903 0.011198
1 0.554514 0.528516 0.004167 0.007552
1 0.553125 0.516276 0.003819 0.007552
1 0.562153 0.522005 0.004514 0.008073
1 0.571267 0.525521 0.004340 0.008333
1 0.541319 0.517448 0.004167 0.008333
2 0.406944 0.643750 0.074653 0.170833
2 0.482378 0.563281 0.015451 0.026562
