1 0.312417 0.425250 0.087833 0.171000
1 0.558667 0.189000 0.099000 0.148500
1 0.816667 0.124125 0.069667 0.153250
1 0.668417 0.201375 0.077500 0.101250
1 0.719417 0.192625 0.040167 0.082750
1 0.764167 0.176750 0.039333 0.070500
1 0.067333 0.096750 0.038667 0.080000
1 0.014917 0.127000 0.029833 0.105000
1 0.132500 0.162875 0.041667 0.065750
1 0.240333 0.114875 0.031333 0.056250
1 0.292917 0.124375 0.030167 0.054250
1 0.337583 0.134375 0.033833 0.072750
1 0.457167 0.135000 0.053667 0.070000
1 0.171417 0.214000 0.040833 0.078500
1 0.226917 0.204500 0.047833 0.080500
1 0.745917 0.056125 0.044833 0.064250
1 0.636667 0.157875 0.053000 0.069750
1 0.670750 0.125875 0.030167 0.030250
1 0.578750 0.138375 0.077167 0.072250
