1 0.354083 0.838250 0.012500 0.029000
1 0.817833 0.458625 0.012000 0.022750
1 0.771167 0.444500 0.012667 0.018000
1 0.768750 0.476250 0.011167 0.017500
1 0.669333 0.463000 0.015000 0.019500
1 0.323000 0.202625 0.009667 0.016250
1 0.361417 0.195500 0.012833 0.022000
1 0.290917 0.262500 0.011833 0.018500
1 0.191167 0.120875 0.009333 0.020250
1 0.308417 0.061000 0.010500 0.018000
1 0.368167 0.045750 0.008667 0.020500
1 0.440167 0.074625 0.009000 0.019750
1 0.542833 0.125375 0.010000 0.014250
1 0.819583 0.171625 0.010167 0.014250
2 0.353417 0.868625 0.025500 0.059250
2 0.755500 0.498750 0.028667 0.047000
2 0.769083 0.471375 0.017500 0.036750
2 0.668500 0.492500 0.019333 0.044500
2 0.195833 0.146375 0.024000 0.041750
2 0.273167 0.267125 0.025333 0.042250
2 0.324083 0.236250 0.022500 0.044500
2 0.364500 0.223500 0.018000 0.046000
2 0.308750 0.087625 0.015167 0.039750
2 0.370167 0.068875 0.018333 0.037250
2 0.442833 0.094500 0.014667 0.031000
2 0.820500 0.197875 0.020000 0.035750
0 0.542750 0.123875 0.008833 0.012250
2 0.451417 0.017750 0.017833 0.035500
2 0.553250 0.010125 0.014500 0.020250
0 0.354667 0.833125 0.014000 0.021750
0 0.361083 0.191000 0.013500 0.014500
0 0.818000 0.456125 0.012667 0.016250
0 0.771167 0.442500 0.013333 0.018000
0 0.769917 0.474125 0.009167 0.013250
0 0.819583 0.169500 0.011167 0.012500
0 0.668167 0.461625 0.013000 0.016250
0 0.191500 0.115750 0.010333 0.013000
0 0.292000 0.262000 0.010000 0.019000
0 0.308500 0.056875 0.011000 0.013250
0 0.368583 0.041500 0.010167 0.011500
0 0.439750 0.071000 0.009167 0.013500
