1 0.427151 0.598968 0.063743 0.166992
1 0.566623 0.533454 0.060584 0.130192
1 0.692808 0.527181 0.048690 0.111514
1 0.723564 0.600920 0.065973 0.145247
1 0.250046 0.460970 0.046646 0.112350
1 0.285542 0.614162 0.099052 0.163368
1 0.526296 0.813772 0.152760 0.210761
1 0.917023 0.218567 0.031407 0.098690
1 0.708883 0.121550 0.042557 0.104265
1 0.541256 0.189852 0.059654 0.132144
1 0.412934 0.165319 0.044601 0.092556
1 0.344639 0.183440 0.053707 0.090326
1 0.276436 0.200864 0.043672 0.072763
1 0.036517 0.324645 0.041442 0.072205
