1 0.029484 0.653502 0.005978 0.010586
1 0.052106 0.653502 0.004755 0.006922
1 0.002989 0.662357 0.005978 0.007125
1 0.031590 0.668058 0.004755 0.005090
1 0.057948 0.665309 0.005299 0.006922
1 0.094361 0.678237 0.006386 0.007125
1 0.063995 0.657675 0.005978 0.005904
1 0.121060 0.649532 0.006250 0.008347
1 0.134715 0.649430 0.006114 0.010179
1 0.112024 0.666429 0.004484 0.008754
1 0.147351 0.649837 0.005299 0.010179
1 0.158356 0.656555 0.004484 0.008143
1 0.715625 0.617060 0.002446 0.004072
1 0.719973 0.619707 0.003261 0.003664
1 0.726902 0.615432 0.002717 0.004479
1 0.750068 0.610546 0.002853 0.004072
1 0.743139 0.613701 0.002582 0.004682
1 0.807677 0.614007 0.003125 0.003664
1 0.718750 0.548046 0.002174 0.003664
1 0.729008 0.546010 0.002310 0.004886
1 0.736889 0.539699 0.002310 0.004886
1 0.742255 0.537663 0.002717 0.003664
1 0.754348 0.545908 0.002717 0.003868
1 0.761005 0.543058 0.002446 0.003868
1 0.748166 0.542956 0.002310 0.003664
