1 0.380599 0.334252 0.014862 0.017770
1 0.433225 0.329657 0.010586 0.020833
1 0.419076 0.386642 0.009568 0.018382
1 0.455212 0.389859 0.013029 0.015012
1 0.507634 0.350797 0.011197 0.020221
1 0.546213 0.348346 0.012215 0.019608
1 0.598941 0.417739 0.018730 0.036458
1 0.524430 0.488511 0.032166 0.064645
1 0.477402 0.498468 0.022394 0.047181
1 0.612581 0.532935 0.047638 0.032169
0 0.380497 0.332721 0.013844 0.013480
0 0.455415 0.390319 0.013029 0.015931
0 0.547028 0.343750 0.013029 0.011642
1 0.899023 0.308824 0.010993 0.031250
