1 0.141989 0.862500 0.014137 0.022959
1 0.201885 0.787245 0.009425 0.019388
1 0.672247 0.293878 0.010169 0.021429
1 0.491195 0.364286 0.007688 0.019388
1 0.288566 0.294133 0.006200 0.014796
1 0.042535 0.218112 0.006696 0.013776
1 0.212426 0.579082 0.011161 0.021429
1 0.269717 0.575255 0.012153 0.018878
1 0.205481 0.654847 0.012153 0.021939
1 0.845858 0.096939 0.008185 0.013265
1 0.863467 0.132653 0.007688 0.016327
1 0.756324 0.077806 0.005704 0.014796
1 0.893849 0.326276 0.007440 0.014796
1 0.340402 0.596939 0.008681 0.014286
