2 0.125914 0.876645 0.007310 0.016447
2 0.006944 0.882675 0.013888 0.031798
2 0.043037 0.855400 0.007858 0.016721
2 0.050256 0.832237 0.007675 0.012610
2 0.012884 0.822643 0.007127 0.015351
2 0.108004 0.759320 0.006579 0.014254
2 0.147021 0.754523 0.006396 0.013432
2 0.123904 0.717105 0.004751 0.008772
2 0.138980 0.717516 0.004934 0.009594
2 0.164382 0.706689 0.003838 0.008772
2 0.168129 0.713953 0.004386 0.009046
2 0.212811 0.717654 0.004934 0.011513
2 0.210709 0.707100 0.004020 0.010143
2 0.222222 0.713405 0.005117 0.007401
2 0.256762 0.750822 0.005482 0.012610
2 0.281890 0.752330 0.006031 0.014529
2 0.287098 0.715872 0.004020 0.009594
2 0.471857 0.783854 0.007310 0.006853
2 0.491868 0.791255 0.006031 0.011787
2 0.516265 0.717105 0.004751 0.011513
2 0.542398 0.722177 0.005482 0.007950
2 0.541301 0.712308 0.003655 0.006853
2 0.534996 0.705729 0.004203 0.009046
2 0.534722 0.719984 0.004020 0.006305
2 0.567251 0.731771 0.004386 0.008498
2 0.574287 0.731086 0.004569 0.008772
2 0.578399 0.719298 0.006213 0.007675
2 0.574379 0.718065 0.003289 0.007950
2 0.590461 0.723410 0.003289 0.010417
2 0.593750 0.724507 0.004386 0.010965
2 0.598501 0.727659 0.004751 0.011239
2 0.604715 0.726974 0.004386 0.010417
2 0.623264 0.729167 0.006396 0.009320
2 0.630574 0.727659 0.004934 0.007401
2 0.635417 0.726974 0.003655 0.011513
2 0.638432 0.726562 0.002741 0.009594
2 0.641996 0.724370 0.004020 0.011239
2 0.710252 0.707374 0.004203 0.009046
2 0.722039 0.692571 0.002924 0.008498
2 0.817526 0.729852 0.006031 0.011787
2 0.769371 0.680921 0.004020 0.008772
2 0.609923 0.864857 0.008589 0.012610
2 0.691703 0.869243 0.006213 0.007675
2 0.699196 0.854304 0.004751 0.013980
2 0.206871 0.978893 0.009137 0.020285
2 0.901316 0.824150 0.007310 0.009046
2 0.925439 0.814967 0.005482 0.006579
2 0.981360 0.699561 0.002558 0.006031
2 0.102339 0.692160 0.003289 0.008224
2 0.656250 0.593613 0.002924 0.006853
0 0.083607 0.749315 0.003472 0.006853
0 0.126188 0.863761 0.004203 0.006031
0 0.011879 0.868147 0.003289 0.005482
0 0.248081 0.741228 0.003472 0.004934
0 0.206780 0.962856 0.005665 0.008498
0 0.109375 0.747122 0.003107 0.004112
0 0.149488 0.745614 0.003289 0.006031
0 0.280976 0.743147 0.003472 0.004934
0 0.871985 0.905839 0.005665 0.007401
0 0.798794 0.835252 0.004020 0.007127
0 0.754386 0.831689 0.002924 0.005482
