1 0.109491 0.671808 0.020061 0.035398
1 0.149528 0.673325 0.016858 0.035398
1 0.179703 0.619216 0.018206 0.027307
1 0.227748 0.577623 0.013149 0.027054
1 0.256490 0.540708 0.011632 0.026549
1 0.279922 0.541846 0.010620 0.023262
1 0.291723 0.525790 0.010958 0.019975
1 0.342043 0.478382 0.010115 0.017193
1 0.350978 0.470796 0.007417 0.017699
1 0.358227 0.471302 0.007755 0.017699
1 0.366571 0.471049 0.008935 0.014159
1 0.314144 0.698104 0.014329 0.030341
1 0.342549 0.717952 0.012475 0.024020
1 0.642616 0.754741 0.019892 0.033881
1 0.579316 0.793047 0.010283 0.017952
1 0.835384 0.632491 0.017701 0.026549
1 0.765341 0.570544 0.017532 0.021997
1 0.756153 0.550822 0.015003 0.023515
1 0.698753 0.491277 0.008766 0.014665
1 0.677933 0.462453 0.008260 0.010114
1 0.651972 0.490645 0.006912 0.006827
