1 0.540230 0.496363 0.025862 0.046606
1 0.299210 0.508755 0.017601 0.049838
2 0.467134 0.568966 0.069684 0.120151
2 0.548222 0.584052 0.065194 0.123384
2 0.698994 0.603987 0.050287 0.132004
2 0.757543 0.608836 0.054598 0.120151
2 0.827227 0.595501 0.071480 0.122575
2 0.894576 0.591999 0.062141 0.134429
2 0.948725 0.590113 0.056573 0.123653
2 0.987428 0.582166 0.025144 0.100754
0 0.011494 0.446525 0.022629 0.047144
0 0.116649 0.478179 0.032148 0.037716
0 0.181214 0.474677 0.035920 0.028017
0 0.405172 0.480065 0.033405 0.024246
0 0.454921 0.462554 0.032687 0.023168
0 0.687680 0.501886 0.027658 0.036638
0 0.759070 0.511584 0.030352 0.031250
0 0.823545 0.491379 0.030352 0.032866
0 0.898078 0.492996 0.039332 0.032866
0 0.940553 0.491514 0.030172 0.030442
0 0.989943 0.484375 0.020115 0.028017
0 0.242457 0.691676 0.036997 0.041218
0 0.235632 0.539467 0.024784 0.061153
