1 0.368634 0.562826 0.009838 0.008030
1 0.319589 0.594184 0.009549 0.006076
1 0.399161 0.537326 0.007812 0.008681
1 0.495660 0.491645 0.007523 0.007595
1 0.472946 0.489909 0.006655 0.007595
1 0.464265 0.496094 0.005498 0.006510
1 0.512442 0.465820 0.005208 0.008030
1 0.518808 0.470920 0.005208 0.004774
1 0.544416 0.445204 0.006076 0.005859
1 0.571325 0.431749 0.007234 0.007595
1 0.628617 0.393663 0.003183 0.006944
1 0.640770 0.393446 0.003762 0.005208
1 0.649884 0.393338 0.002894 0.005425
1 0.693721 0.393012 0.004919 0.005642
1 0.699797 0.395182 0.004919 0.004774
1 0.790654 0.393663 0.009549 0.010851
1 0.523727 0.971571 0.011574 0.016493
1 0.447049 0.762912 0.006366 0.011068
1 0.475260 0.751194 0.008391 0.008898
1 0.480324 0.740668 0.005787 0.008681
1 0.502894 0.707031 0.006366 0.007812
1 0.508825 0.702040 0.004919 0.007812
1 0.523872 0.684245 0.006655 0.007812
1 0.534144 0.678277 0.006366 0.005425
1 0.562500 0.657661 0.005208 0.006727
1 0.561053 0.663845 0.005208 0.006076
1 0.620515 0.655273 0.004919 0.006293
1 0.577112 0.710286 0.006655 0.007812
1 0.567130 0.706489 0.005787 0.008030
1 0.570747 0.790907 0.007234 0.011502
1 0.546007 0.789062 0.009259 0.007378
1 0.599248 0.806749 0.009259 0.009766
1 0.578270 0.811089 0.007812 0.012370
1 0.661892 0.787218 0.007234 0.009766
1 0.618490 0.778646 0.008391 0.011285
1 0.661603 0.762587 0.009549 0.009549
1 0.648872 0.766276 0.007812 0.010851
1 0.622106 0.754991 0.008681 0.007812
1 0.656684 0.733073 0.007234 0.007378
1 0.654803 0.726888 0.006944 0.007595
1 0.628183 0.730360 0.009838 0.011936
1 0.627894 0.722548 0.008102 0.007595
1 0.632668 0.688368 0.007234 0.009115
1 0.657841 0.693793 0.005498 0.007812
1 0.663484 0.689562 0.006366 0.009766
1 0.653356 0.564779 0.002894 0.004123
1 0.054977 0.800998 0.015046 0.013889
1 0.561632 0.840169 0.010995 0.011936