1 0.652651 0.720057 0.008181 0.004573
1 0.629418 0.724412 0.011453 0.009800
1 0.604385 0.690331 0.009817 0.010453
1 0.468586 0.613785 0.005236 0.005880
1 0.442245 0.722017 0.008181 0.006315
1 0.431119 0.709604 0.007526 0.006315
1 0.416394 0.709713 0.005563 0.006533
1 0.422284 0.722670 0.008181 0.008057
1 0.404614 0.734865 0.006217 0.007622
1 0.052847 0.703397 0.009490 0.008275
1 0.058246 0.733994 0.009162 0.009800
1 0.094077 0.730183 0.009490 0.009146
1 0.160995 0.457426 0.004581 0.005880
1 0.181610 0.473759 0.005236 0.005009
1 0.160340 0.424434 0.003272 0.003484
1 0.173429 0.429443 0.003272 0.004791
1 0.218259 0.435322 0.003927 0.004355
1 0.200262 0.443053 0.003927 0.005444
1 0.243783 0.495427 0.003927 0.005226
1 0.256872 0.724630 0.009162 0.013284
1 0.226113 0.790287 0.010471 0.013066
1 0.418685 0.663763 0.004254 0.005226
1 0.448953 0.761868 0.008508 0.006751
1 0.985766 0.629900 0.014071 0.014155