1 0.009500 0.147500 0.019000 0.029000
1 0.469500 0.227875 0.017000 0.018750
1 0.253417 0.755125 0.019833 0.035250
1 0.427333 0.689500 0.020333 0.031000
1 0.407833 0.751875 0.017333 0.032250
1 0.401250 0.649000 0.014833 0.032000
1 0.495250 0.715250 0.021500 0.034000
2 0.247500 0.803500 0.030667 0.083000
2 0.281833 0.735625 0.030333 0.071250
2 0.398583 0.799750 0.038500 0.063500
2 0.427250 0.737625 0.029167 0.063750
2 0.018417 0.199375 0.034500 0.072750
2 0.475750 0.267125 0.030500 0.057750
0 0.009917 0.146250 0.018500 0.027000
0 0.408333 0.745625 0.016333 0.021750
0 0.255417 0.748750 0.023167 0.023500
0 0.277333 0.677375 0.006000 0.017750
0 0.401000 0.642750 0.015667 0.022500
0 0.429000 0.687000 0.020000 0.025000
0 0.495000 0.710375 0.021333 0.025250
0 0.469500 0.225875 0.016333 0.015750