1 0.335758 0.581088 0.003053 0.004310
1 0.443068 0.656385 0.017241 0.034752
1 0.392870 0.666352 0.005927 0.011045
1 0.381555 0.669316 0.005208 0.010506
1 0.424479 0.666891 0.004849 0.008351
1 0.360991 0.668508 0.006106 0.011584
1 0.322378 0.662042 0.009698 0.019666
1 0.287446 0.673222 0.009159 0.018319
1 0.275862 0.670932 0.007902 0.017511
1 0.472432 0.672818 0.005208 0.009429
1 0.637213 0.681034 0.015445 0.029095
1 0.803790 0.644127 0.019935 0.039871
1 0.703843 0.663254 0.009698 0.019935
1 0.678969 0.663524 0.011315 0.021552
1 0.614763 0.672818 0.008261 0.012662
1 0.624282 0.667699 0.006106 0.013739
1 0.611171 0.662850 0.004310 0.008351
1 0.567080 0.673357 0.005208 0.008351
1 0.553341 0.667834 0.005029 0.009698
1 0.538254 0.672953 0.004310 0.008621
1 0.526850 0.667295 0.004490 0.009159
1 0.516343 0.667834 0.003233 0.004310
1 0.509878 0.668373 0.003233 0.005388
1 0.530262 0.672010 0.002694 0.005657
1 0.507364 0.665409 0.002514 0.005388
1 0.179418 0.668103 0.017601 0.030711
1 0.078574 0.674300 0.018139 0.027478
1 0.461027 0.665005 0.005029 0.006735
1 0.455101 0.665140 0.005388 0.007004
1 0.478269 0.667026 0.002514 0.005927
1 0.485004 0.665679 0.002694 0.004310
1 0.487698 0.669720 0.001976 0.004849
1 0.492816 0.666487 0.002155 0.004310
1 0.498294 0.666756 0.002694 0.004849
1 0.522091 0.665275 0.003233 0.005657
1 0.547324 0.670259 0.002694 0.005927
1 0.428341 0.668373 0.003233 0.005927
1 0.433369 0.667430 0.002155 0.004041