1 0.720987 0.325032 0.039550 0.065396
1 0.586172 0.422694 0.041859 0.068428
1 0.206409 0.688393 0.035797 0.071460
1 0.380485 0.492854 0.035797 0.071026
0 0.722719 0.317453 0.038972 0.054569
0 0.585450 0.415331 0.034642 0.059766
0 0.481813 0.443265 0.035219 0.055002
0 0.381062 0.479861 0.027714 0.041576
0 0.206409 0.684495 0.032910 0.058467
0 0.069717 0.472282 0.038395 0.061932
0 0.441830 0.537895 0.045323 0.041576
2 0.733978 0.428107 0.067841 0.126029
2 0.634815 0.489606 0.080831 0.128627
2 0.502454 0.533131 0.052829 0.111737
2 0.447460 0.622131 0.043880 0.086184
2 0.384238 0.583586 0.055427 0.110437
2 0.261980 0.720658 0.067263 0.087484
2 0.046334 0.559550 0.059180 0.132525
2 0.044313 0.941966 0.088048 0.092681