1 0.285613 0.759972 0.025641 0.030484
1 0.181090 0.756980 0.013889 0.014245
1 0.135328 0.767094 0.026353 0.026496
1 0.020299 0.751852 0.020655 0.017664
1 0.765313 0.753276 0.011396 0.011966
1 0.802172 0.757407 0.009615 0.009402
1 0.800036 0.766239 0.011040 0.012821
1 0.829060 0.766382 0.014957 0.014815
1 0.853276 0.763248 0.013533 0.013675
1 0.922365 0.766239 0.014245 0.014530
1 0.637108 0.759117 0.007123 0.008832
1 0.624466 0.767094 0.010328 0.011681
2 0.137464 0.812393 0.057692 0.064103
2 0.284010 0.806838 0.070869 0.067806
2 0.703348 0.813105 0.054131 0.077493
2 0.791845 0.856980 0.064459 0.064957
1 0.698718 0.756410 0.007835 0.011396
1 0.720085 0.758974 0.009259 0.010826
1 0.736111 0.757123 0.008547 0.012251
1 0.744836 0.759687 0.008903 0.008262