1 0.192622 0.538411 0.008160 0.012240
1 0.221354 0.521224 0.009375 0.014844
1 0.239670 0.505859 0.006076 0.010156
1 0.245747 0.503385 0.009549 0.017187
1 0.252691 0.502604 0.005729 0.012500
1 0.271615 0.504818 0.008854 0.014323
1 0.304080 0.517839 0.009549 0.013281
1 0.340191 0.529557 0.007812 0.010156
1 0.358594 0.517839 0.009896 0.012760
1 0.358333 0.480990 0.007986 0.012500
1 0.388628 0.475781 0.008507 0.011458
1 0.414757 0.502995 0.007639 0.011719
1 0.434722 0.486849 0.007986 0.015365
2 0.190538 0.562891 0.017882 0.038802
2 0.156076 0.619531 0.021528 0.032813
2 0.319965 0.539974 0.017361 0.033073
1 0.159375 0.598958 0.008333 0.014062
1 0.539583 0.464062 0.012153 0.021354