1 0.348642 0.489903 0.009618 0.015507
1 0.379538 0.487739 0.013705 0.027047
1 0.390599 0.474035 0.018514 0.022719
1 0.687665 0.468626 0.016831 0.032095
1 0.715557 0.468806 0.007213 0.028850
1 0.564198 0.478002 0.011301 0.021998
1 0.546165 0.476740 0.017552 0.023080
2 0.346357 0.514245 0.015629 0.041832
2 0.381101 0.529210 0.026930 0.065272
2 0.392282 0.507393 0.013705 0.045438
2 0.540515 0.514245 0.020678 0.056978
2 0.555542 0.516949 0.019957 0.057339
0 0.388916 0.471511 0.012743 0.021277
0 0.378817 0.484133 0.014186 0.019113
0 0.545564 0.473855 0.017312 0.018752