1 0.018585 0.623195 0.010466 0.012512
1 0.062252 0.620669 0.014796 0.012753
1 0.102310 0.622834 0.010466 0.010828
1 0.142187 0.623195 0.011548 0.012512
1 0.171418 0.622714 0.010826 0.013474
1 0.438289 0.617661 0.011909 0.012031
1 0.356550 0.598893 0.017322 0.010587
1 0.239264 0.477021 0.010826 0.010346
1 0.333273 0.458133 0.010466 0.012031
1 0.387947 0.447425 0.010105 0.011790
1 0.708409 0.613090 0.011548 0.011550
1 0.736016 0.614774 0.010466 0.012031
1 0.754782 0.620910 0.010466 0.012271
1 0.816131 0.619346 0.009744 0.012031
1 0.872068 0.622714 0.009744 0.013956
1 0.910141 0.619586 0.009383 0.014437
2 0.018405 0.637873 0.030314 0.026949
2 0.062974 0.637031 0.030675 0.025746
2 0.101588 0.639076 0.024901 0.025024
2 0.138759 0.640038 0.027788 0.028393
2 0.171960 0.636670 0.026344 0.027430
2 0.240527 0.491578 0.024179 0.023580
2 0.357452 0.612849 0.024901 0.025987
2 0.437568 0.631858 0.030675 0.024062
2 0.708589 0.628970 0.026344 0.025987
2 0.732948 0.631136 0.021653 0.021174
2 0.754782 0.635467 0.032840 0.027911
2 0.906532 0.636429 0.023096 0.027430
2 0.871346 0.639918 0.025623 0.029115