1 0.559356 0.389423 0.015091 0.024321
1 0.384746 0.445324 0.013204 0.023756
1 0.414361 0.478978 0.012324 0.023190
1 0.379276 0.524510 0.011821 0.023756
1 0.718624 0.514329 0.016977 0.021493
1 0.757608 0.544306 0.012953 0.020739
1 0.705294 0.561746 0.012953 0.019419
0 0.669014 0.589838 0.014588 0.023190
0 0.820360 0.580600 0.013707 0.019796
0 0.243209 0.559012 0.017354 0.018854
0 0.379401 0.521493 0.014839 0.018854
0 0.385752 0.445796 0.011947 0.020173
0 0.414424 0.475490 0.014210 0.016591
0 0.560236 0.386595 0.014839 0.016403
0 0.718498 0.513292 0.013204 0.019796