1 0.370205 0.643353 0.011574 0.009425
1 0.468585 0.637773 0.013228 0.013641
1 0.611276 0.640253 0.012235 0.014633
1 0.930060 0.661086 0.014220 0.014633
1 0.821263 0.633185 0.014220 0.013393
1 0.792493 0.648438 0.011574 0.015625
1 0.757440 0.641369 0.020833 0.017857
1 0.736607 0.621404 0.006944 0.009177
1 0.796131 0.624256 0.007606 0.008929
1 0.695933 0.638269 0.012897 0.014633
1 0.669808 0.626736 0.009590 0.010417
1 0.647321 0.624380 0.006944 0.007688
2 0.466601 0.657118 0.029762 0.029514
2 0.606812 0.662326 0.030423 0.031994
2 0.698082 0.659102 0.027778 0.030010
2 0.940476 0.671131 0.037698 0.028770
0 0.468089 0.633681 0.013558 0.009425
0 0.611772 0.637897 0.015873 0.011409
0 0.695437 0.634549 0.011905 0.008681
0 0.757110 0.639137 0.020172 0.011905