1 0.006217 0.959147 0.005033 0.007105
1 0.048771 0.865231 0.005181 0.009325
1 0.082445 0.841696 0.005033 0.009325
1 0.149497 0.811390 0.004144 0.008215
1 0.154751 0.807171 0.004292 0.008215
1 0.195382 0.805062 0.004144 0.007549
1 0.176806 0.807171 0.004589 0.007771
1 0.172069 0.911190 0.005477 0.009769
1 0.257253 0.931061 0.004737 0.008659
1 0.325858 0.996226 0.004589 0.007549
1 0.336960 0.996337 0.004885 0.007327
1 0.391800 0.961257 0.004737 0.011767
1 0.437685 0.977798 0.004737 0.009769
1 0.204041 0.593361 0.003108 0.005995
1 0.238085 0.603464 0.003108 0.005773
1 0.239417 0.579818 0.003108 0.006439
1 0.281231 0.598357 0.003256 0.005329
1 0.291149 0.635324 0.003552 0.006883
1 0.289668 0.647536 0.003848 0.005995
1 0.298771 0.647202 0.003108 0.005773
1 0.292185 0.684059 0.004144 0.005773
1 0.297735 0.676177 0.003700 0.005995
1 0.546699 0.894982 0.004292 0.008881
1 0.560613 0.880107 0.003700 0.007105
1 0.565571 0.878663 0.005033 0.009547
1 0.573564 0.912522 0.005625 0.007993
1 0.539890 0.696936 0.003404 0.007993
1 0.509029 0.623224 0.004144 0.006661
1 0.500148 0.627109 0.003256 0.006439
1 0.490897 0.635879 0.003108 0.005773
1 0.545441 0.583925 0.003256 0.005329
1 0.585406 0.559836 0.002960 0.005551
1 0.513396 0.487567 0.003404 0.005329
1 0.527161 0.488122 0.003404 0.004663
1 0.527383 0.498557 0.002960 0.005107
1 0.559651 0.453264 0.002368 0.005107
1 0.579115 0.447935 0.002812 0.004218
1 0.588736 0.521203 0.003700 0.005551
1 0.608052 0.512322 0.002960 0.005107
1 0.573046 0.581039 0.003108 0.005329
1 0.577931 0.584480 0.002812 0.005551
1 0.629070 0.572713 0.003848 0.006883
1 0.609088 0.582593 0.003848 0.006217
1 0.621374 0.492007 0.003256 0.005329
1 0.618857 0.496337 0.002960 0.004663
1 0.623150 0.498779 0.003256 0.005107
1 0.657564 0.505551 0.003404 0.005773
1 0.607978 0.436168 0.003108 0.004663
1 0.603316 0.442052 0.002664 0.004440
1 0.645352 0.452265 0.003552 0.004885
1 0.065053 0.888210 0.004589 0.007771
1 0.489343 0.375111 0.002368 0.004663