1 0.685425 0.805896 0.004639 0.009888
0 0.302429 0.785479 0.004761 0.006409
0 0.376648 0.798846 0.004517 0.009705
0 0.403137 0.736220 0.003784 0.006409
0 0.437683 0.703168 0.005493 0.009156
0 0.482605 0.710126 0.005493 0.008790
0 0.710754 0.833730 0.005981 0.008790
0 0.140198 0.616737 0.004272 0.005860
0 0.427979 0.537173 0.002686 0.004578
0 0.421936 0.539645 0.002319 0.002930
0 0.419556 0.538454 0.001953 0.004944
0 0.417603 0.539279 0.002197 0.002930
0 0.494019 0.536806 0.001953 0.003845
0 0.485352 0.536257 0.001953 0.003479
0 0.472412 0.792620 0.005127 0.011536
0 0.707703 0.750046 0.004028 0.004761
0 0.689392 0.687054 0.004517 0.006226
0 0.675293 0.684490 0.002686 0.004029
0 0.707825 0.810932 0.005005 0.008606
0 0.717346 0.731551 0.004761 0.005493
0 0.717773 0.680553 0.003906 0.005310
0 0.671021 0.354880 0.003418 0.004395
0 0.715210 0.381249 0.003174 0.004029
0 0.736145 0.385735 0.002808 0.003845
0 0.693298 0.795642 0.005493 0.007691
0 0.733215 0.808460 0.005493 0.008423
0 0.723999 0.737044 0.003662 0.005493
0 0.837830 0.541934 0.002319 0.003113
0 0.799438 0.542117 0.001953 0.003479
0 0.768005 0.660593 0.001831 0.004578
0 0.670410 0.673137 0.002930 0.004761
0 0.684692 0.658762 0.002930 0.004212
0 0.634521 0.672221 0.002930 0.004761
2 0.137756 0.626076 0.009888 0.013551
2 0.263733 0.919612 0.015991 0.032229
2 0.302490 0.808552 0.008301 0.021058
2 0.378052 0.813496 0.010986 0.023256
2 0.402344 0.750046 0.009277 0.020509
2 0.438110 0.718733 0.009277 0.019777
2 0.481140 0.720198 0.007446 0.016847
2 0.479614 0.798755 0.011963 0.015748
2 0.448547 0.911921 0.011597 0.030397
2 0.712891 0.853598 0.013428 0.026552
2 0.733643 0.822377 0.010986 0.020875
2 0.707581 0.826589 0.010132 0.023073
2 0.694519 0.812214 0.010376 0.023256
2 0.707520 0.763871 0.009521 0.019593
2 0.717957 0.743728 0.007935 0.015199
2 0.724915 0.745926 0.007690 0.013001
2 0.717773 0.688976 0.006592 0.013734
2 0.690125 0.697034 0.005737 0.014100
2 0.811890 0.689159 0.007080 0.012635
2 0.675354 0.692547 0.004272 0.009522
0 0.386963 0.540194 0.002441 0.004395
0 0.432800 0.435726 0.001587 0.003113
0 0.423401 0.436184 0.002319 0.003296
2 0.702881 0.577916 0.005859 0.007325
0 0.699097 0.575719 0.001953 0.004029
2 0.621826 0.537997 0.003662 0.006226
2 0.670959 0.361289 0.005005 0.008790
2 0.686340 0.371544 0.004761 0.007325
2 0.735413 0.392785 0.003540 0.008057
1 0.733765 0.808277 0.005859 0.008057
1 0.707397 0.811024 0.005615 0.008057
1 0.711060 0.835103 0.005615 0.009705
1 0.693604 0.797015 0.005371 0.008240
1 0.707886 0.750229 0.004395 0.008057
1 0.717102 0.732192 0.004517 0.006409
1 0.717529 0.679363 0.002686 0.004029
1 0.689819 0.686687 0.004150 0.005127
1 0.675110 0.684307 0.002808 0.004029
1 0.670593 0.673137 0.003052 0.004395
1 0.811279 0.680828 0.002441 0.004761
1 0.799500 0.542208 0.002075 0.004029
1 0.837280 0.542025 0.001709 0.002930
0 0.701782 0.558689 0.002930 0.004029
1 0.701782 0.559147 0.002441 0.004944
1 0.715210 0.381798 0.002441 0.004029
1 0.670959 0.356162 0.003052 0.005493
1 0.736084 0.385644 0.001953 0.004029
1 0.140259 0.616371 0.003418 0.005860
1 0.302795 0.786120 0.004761 0.006958
1 0.376404 0.798755 0.003784 0.008057
1 0.403198 0.736678 0.003418 0.004761
1 0.437683 0.703443 0.005737 0.010071
1 0.472717 0.792987 0.004517 0.010438
1 0.482361 0.710950 0.004517 0.008973
0 0.447021 0.888574 0.006836 0.007508
1 0.446411 0.893335 0.005615 0.016664
0 0.726868 0.673411 0.002563 0.003113
2 0.710754 0.565281 0.004517 0.008057
2 0.701904 0.566014 0.004150 0.010621