1 0.541513 0.426266 0.035233 0.055147
1 0.496936 0.419935 0.007966 0.015523
1 0.448070 0.475490 0.014400 0.021242
1 0.430300 0.470180 0.013787 0.022876
1 0.467678 0.434232 0.010110 0.013889
1 0.463542 0.343342 0.006127 0.008578
1 0.322610 0.326389 0.006740 0.012255
1 0.343750 0.346201 0.006127 0.011846
1 0.356464 0.328431 0.005821 0.009804
1 0.350490 0.395016 0.007353 0.010621
1 0.995558 0.343750 0.008885 0.018382
1 0.623009 0.479371 0.008885 0.011846
1 0.602328 0.481209 0.006740 0.010621
2 0.551777 0.523489 0.074142 0.126225
2 0.459559 0.516136 0.033701 0.064951
2 0.428309 0.505923 0.024510 0.056781
2 0.322610 0.343750 0.011029 0.025735
2 0.990349 0.375613 0.019301 0.044526