1 0.428658 0.712209 0.016715 0.027132
1 0.498910 0.699612 0.017200 0.027778
1 0.422844 0.652778 0.015262 0.027132
1 0.350896 0.628230 0.014777 0.029070
1 0.398498 0.565730 0.015019 0.026163
1 0.231589 0.632590 0.015988 0.033269
1 0.192951 0.522933 0.012839 0.022610
1 0.257510 0.511628 0.012112 0.021964
1 0.304990 0.565084 0.013566 0.024225
1 0.239947 0.375000 0.010417 0.014858
1 0.305596 0.317506 0.006541 0.011628
1 0.345446 0.457687 0.010174 0.017442
1 0.577883 0.250969 0.006541 0.011628
1 0.524467 0.198159 0.005329 0.010659
1 0.536458 0.113695 0.004603 0.007752
1 0.570373 0.145026 0.005572 0.009044
1 0.121609 0.351583 0.008721 0.015827
1 0.367006 0.070090 0.003876 0.006460