1 0.366739 0.639009 0.020833 0.038075
1 0.415230 0.394037 0.017720 0.035201
1 0.469468 0.126437 0.019397 0.034483
1 0.712524 0.640625 0.025144 0.039871
1 0.720426 0.366379 0.022270 0.045259
1 0.750479 0.060165 0.020594 0.042744
0 0.366619 0.633261 0.024904 0.025144
0 0.470187 0.121767 0.024665 0.028017
0 0.712284 0.640805 0.023707 0.039511
0 0.415589 0.392601 0.025623 0.031609
0 0.720785 0.359555 0.024425 0.029454
0 0.751916 0.053341 0.022510 0.029813
2 0.418582 0.459411 0.039272 0.098420
2 0.467912 0.172234 0.035920 0.069325
2 0.765924 0.096264 0.044780 0.078305
2 0.735153 0.411638 0.038314 0.080460
2 0.716355 0.708333 0.053400 0.114224
2 0.365062 0.700072 0.040469 0.096264