1 0.287500 0.724500 0.009000 0.014000
1 0.355667 0.726000 0.006000 0.008000
1 0.247667 0.722000 0.004000 0.005000
1 0.380500 0.724750 0.005667 0.009500
1 0.382333 0.728500 0.006000 0.010000
1 0.400667 0.726000 0.006667 0.010000
1 0.518667 0.726250 0.008667 0.014500
1 0.905333 0.731750 0.012000 0.019500
1 0.764833 0.732750 0.006333 0.010500
1 0.985167 0.700750 0.029667 0.073500
0 0.287667 0.722250 0.008667 0.010500
0 0.355833 0.725000 0.005000 0.007000
0 0.400333 0.724250 0.006667 0.007500
0 0.906333 0.728250 0.015333 0.011500
0 0.764667 0.730750 0.006667 0.007500