1 0.198558 0.364904 0.071154 0.138462
1 0.380529 0.430649 0.076763 0.173317
1 0.505128 0.472476 0.066346 0.126202
1 0.599679 0.371635 0.074359 0.119712
1 0.772596 0.473678 0.060256 0.151202
0 0.199119 0.343269 0.094712 0.095192
0 0.382372 0.387740 0.086538 0.086538
0 0.504087 0.440505 0.069391 0.065625
0 0.604888 0.361178 0.088622 0.098317
0 0.775721 0.436659 0.064263 0.080048
2 0.811859 0.626202 0.098397 0.238462
2 0.618990 0.557212 0.162981 0.291346
2 0.489183 0.616707 0.126122 0.173798
2 0.336058 0.560577 0.115385 0.242308
2 0.193269 0.547115 0.164744 0.248077