1 0.738977 0.688264 0.004233 0.004939
1 0.725044 0.688382 0.005291 0.005174
1 0.711993 0.678269 0.004586 0.004704
1 0.681129 0.680974 0.004233 0.005880
1 0.473545 0.688147 0.004586 0.005644
1 0.864374 0.679563 0.007407 0.010583
1 0.879189 0.681679 0.006702 0.008231
1 0.845326 0.683678 0.005291 0.006585
1 0.898236 0.682267 0.007407 0.007996
1 0.993651 0.678857 0.010582 0.011524
1 0.970194 0.681562 0.010935 0.007996
1 0.979365 0.679915 0.006702 0.006585
1 0.959259 0.682738 0.008113 0.008937
1 0.985714 0.681797 0.004586 0.007526