1 0.670759 0.555286 0.019043 0.019876
1 0.680030 0.524553 0.008519 0.016536
1 0.564645 0.600301 0.020797 0.022716
1 0.564019 0.466177 0.014533 0.015701
1 0.509647 0.592617 0.024555 0.024052
1 0.422826 0.610573 0.022801 0.025221
1 0.258081 0.457575 0.009020 0.012527
1 0.092959 0.283698 0.011526 0.011191
1 0.115009 0.287874 0.012027 0.011859
0 0.423954 0.605729 0.026560 0.017538
0 0.567026 0.595457 0.029567 0.017371
0 0.565898 0.461500 0.018792 0.012694
0 0.671135 0.550025 0.022801 0.012360
0 0.679278 0.519876 0.010524 0.010189
0 0.258582 0.454234 0.012027 0.008853
0 0.093961 0.282111 0.013029 0.010356
0 0.114758 0.285953 0.013029 0.009688
0 0.261213 0.468682 0.012779 0.008017
1 0.260962 0.471271 0.013280 0.014866